- !<Matter/f06fca2c-de06-4f23-a057-c0fbe21a6ed4>
  PackagePath: ""
  Friction: 0.500000
  RollingFriction: 0.020000
  SpinningFriction: 0.020000
  DynamicBounciness: 0.000000
  StaticBounciness: 1.000000
